$ANSIBLE_VAULT;1.1;AES256
34386266383833656461386634366362316662643366326265643966646264613262636164343366
6330656530313666633034613138383266343037336333370a363236643433343937616264323533
31623438343239313535343363366561633331313961313535386539653736313430336334303164
6564333065613964360a393334316537313336656231323936306135636432613765323538666530
35356466323133363065363037303134666238636632623065643334306332643935616134386531
62383533303630316139333039333365303264636565306333653637333830666437656166376234
39396239613236343066366662636230366637653164366132643066623933666438363130373039
33646166666161333961356437363836306339363961313137666663653031653935613930323636
61396333626565343533646332343261333039646562646637356164343639303939343264633731
32373934383836613735363332636135313865653130373335656231333863376236633236306231
66363033353939373932306165653534313833313633646563363534646166623432633538343333
32323463656462646362643633373830656564333862346261383939376138356261646438393537
33643839343630643834343039353461393939313832633838633930343438343231366134346332
64646436626633363733333238313038323562633236333030613639353763313863623534336164
36333161326262323464363238646233386533653732623166393932373664346235366565323634
62383833373434306231303761666237616632623834383766633335366432613134306139373161
38363865616166336532633336623762323133393336326535363931653039393361353466636639
62623230386637663961636264313830326434323938313535646463383563363132353630376161
30396661616136333838656334656364643362356635326434636636653030646234396465303135
34643265666131376333363330343735623432336136376134383530323965313130323530613063
65346632653039393333346637656135633334353966633863636134343931626663623431626562
39613164636664343938313639626537373136656437656230393430383936396438666362353463
39643730643565316162643031343263636233653735643735306366653434616365646562623038
30316232336430383136336532336432356466376634343730613766623163323230626536313762
32336435653566313630313538373763643032616164653437333136316232316262303064313563
34336134363439653430363436663137636333373664393137333732613931343239356636613635
38623736343766323738636566613737383665613730646361323833323734626631636538373736
35323130663737393364363831313163633434333739353762613365393232303966646466626561
3435
